//NbTournees
15
//IdTournes NbColis
1 5
//IdColis IdCommandeInColis NbProducts IdProd1 QtyProd1 IdProd2 QtyProd2 ...
1 1 42 1 2 35 2 32 1 31 1 29 1 24 1 21 2 19 1 16 1 14 2 13 2 12 2 10 2 6 1 7 1 366 1 63 1 61 2 60 1 368 1 50 2 45 1 65 2 69 1 71 1 87 1 88 1 89 1 92 1 94 1 97 1 98 1 101 1 103 1 104 2 105 4 106 2 107 2 109 1 112 1 113 1 114 1 
2 1 28 369 1 370 1 371 1 373 2 374 1 118 1 375 1 376 2 120 1 377 4 378 1 381 1 382 1 83 2 79 1 365 1 298 1 301 1 329 1 261 1 305 1 309 1 344 1 307 2 339 1 312 1 361 1 202 1 
3 1 16 361 1 359 1 240 1 259 4 238 1 292 1 358 2 288 1 234 1 357 1 231 1 232 1 186 2 183 2 225 1 191 1 
4 1 17 247 1 223 1 243 1 220 1 180 2 177 1 175 2 157 1 158 1 208 1 159 1 210 1 160 1 211 1 168 1 153 2 141 2 
5 1 13 199 1 142 1 144 5 201 1 198 1 137 3 138 1 136 1 134 4 195 1 190 2 121 2 192 1 
//IdTournes NbColis
2 6
//IdColis IdCommandeInColis NbProducts IdProd1 QtyProd1 IdProd2 QtyProd2 ...
6 2 43 1 1 35 2 26 1 25 1 21 2 14 2 13 2 12 1 10 1 6 1 5 1 4 2 37 4 38 1 40 5 41 4 44 1 49 1 50 1 60 1 58 1 55 1 54 1 52 1 64 1 65 1 70 1 74 1 77 1 79 1 85 1 86 1 90 1 92 1 97 1 105 1 109 2 111 1 114 1 115 1 116 1 117 4 371 1 
7 2 18 371 1 118 1 120 3 383 2 386 1 315 1 316 1 353 1 352 1 351 1 346 1 345 1 344 2 343 1 307 1 342 2 341 1 306 1 
8 2 14 340 2 338 2 339 1 336 1 334 1 333 1 332 2 331 1 261 3 303 3 328 1 298 1 260 1 161 1 
9 2 16 259 3 295 1 257 2 294 1 256 2 293 1 292 1 270 1 236 1 269 1 267 1 274 1 275 1 252 2 277 1 278 1 
10 2 12 281 1 266 1 188 2 187 1 228 2 183 3 248 3 224 1 247 1 265 1 263 1 245 1 
11 2 17 182 1 243 1 180 1 179 3 177 1 218 1 174 1 155 2 156 1 158 2 164 1 166 1 167 1 169 1 170 1 171 2 172 1 
//IdTournes NbColis
3 1
//IdColis IdCommandeInColis NbProducts IdProd1 QtyProd1 IdProd2 QtyProd2 ...
12 2 14 137 2 154 1 152 1 153 2 141 2 145 1 147 1 148 1 123 1 126 2 127 1 130 1 131 1 133 1 
//IdTournes NbColis
4 6
//IdColis IdCommandeInColis NbProducts IdProd1 QtyProd1 IdProd2 QtyProd2 ...
13 3 48 1 3 35 2 34 1 33 1 27 1 21 2 19 2 20 1 18 1 14 2 13 2 12 2 10 2 8 1 6 2 4 1 3 1 47 1 48 3 50 2 60 1 59 1 57 1 53 1 65 2 98 2 96 1 95 2 94 1 99 1 100 1 101 1 103 1 105 5 106 2 107 2 108 1 89 1 88 1 87 1 84 1 85 1 82 1 81 2 79 1 78 2 76 1 120 1 
14 3 20 74 1 73 1 119 2 372 1 373 1 380 1 401 1 383 1 364 1 315 1 316 1 363 1 314 1 349 1 312 1 346 1 385 1 344 2 340 3 360 1 
15 3 17 338 2 339 1 305 1 304 1 360 1 261 3 303 1 302 1 328 1 260 1 297 1 238 1 256 2 291 1 290 1 288 1 287 1 
16 3 17 289 1 287 1 280 2 279 3 277 1 276 1 252 2 251 1 272 1 273 2 237 1 236 1 269 1 249 1 233 1 230 1 183 1 
17 3 18 232 1 188 2 227 1 225 1 248 1 224 1 247 1 221 1 264 1 244 1 220 1 179 1 176 1 173 2 216 1 217 1 215 1 213 1 
18 3 16 163 1 162 1 159 1 208 1 155 3 204 1 139 3 151 1 148 5 146 2 143 1 196 1 121 2 126 1 128 2 129 1 
//IdTournes NbColis
5 1
//IdColis IdCommandeInColis NbProducts IdProd1 QtyProd1 IdProd2 QtyProd2 ...
19 3 4 130 2 133 1 194 1 283 2 
//IdTournes NbColis
6 6
//IdColis IdCommandeInColis NbProducts IdProd1 QtyProd1 IdProd2 QtyProd2 ...
20 4 55 1 1 2 3 33 1 35 1 30 1 28 3 22 2 23 1 21 2 19 1 20 1 17 2 14 2 11 2 9 2 6 3 7 2 36 1 37 4 38 1 39 1 40 5 41 1 42 1 43 2 44 2 46 1 49 1 51 1 53 1 56 1 60 1 62 2 66 1 67 1 68 1 92 1 91 1 88 1 84 1 85 1 82 1 83 1 81 1 80 2 94 1 95 2 98 4 99 1 100 2 101 1 102 1 107 2 108 1 109 1 
21 4 22 396 2 400 1 399 1 398 1 120 1 118 1 397 1 383 1 387 1 356 2 355 2 354 1 318 1 317 1 313 2 351 1 350 1 348 1 347 2 309 1 344 1 343 2 
22 4 15 307 1 342 2 341 1 338 2 335 1 336 1 332 2 330 1 261 3 303 1 329 2 300 1 328 2 327 1 295 1 
23 4 15 327 1 260 3 326 2 296 1 259 3 258 1 238 1 256 1 255 1 293 1 254 2 253 1 289 1 286 1 284 1 
24 4 18 285 1 282 1 278 1 320 1 275 1 251 1 268 1 250 2 266 1 231 1 189 1 229 1 186 1 228 1 185 1 184 1 224 1 247 1 
25 4 13 247 1 246 1 245 2 221 1 262 1 181 2 244 1 243 2 179 3 178 1 177 3 175 1 155 1 
//IdTournes NbColis
7 1
//IdColis IdCommandeInColis NbProducts IdProd1 QtyProd1 IdProd2 QtyProd2 ...
26 4 21 137 1 138 1 140 1 152 1 153 1 150 1 149 1 145 1 146 1 136 1 135 1 133 1 128 1 125 1 132 1 157 1 158 2 207 1 161 1 162 1 163 1 
//IdTournes NbColis
8 1
//IdColis IdCommandeInColis NbProducts IdProd1 QtyProd1 IdProd2 QtyProd2 ...
27 4 5 172 1 214 1 169 1 165 1 166 1 
//IdTournes NbColis
9 6
//IdColis IdCommandeInColis NbProducts IdProd1 QtyProd1 IdProd2 QtyProd2 ...
28 5 17 137 3 139 2 197 1 153 3 151 1 148 4 200 1 136 1 135 1 124 1 122 1 126 1 128 1 130 1 193 1 155 1 158 1 
29 5 11 155 4 157 1 158 3 207 3 159 2 209 1 212 1 168 2 171 2 216 1 217 1 
30 5 8 173 3 242 1 218 2 175 3 177 6 179 3 180 2 243 1 
31 5 8 243 3 244 2 245 2 222 1 224 1 247 4 248 3 183 4 
32 5 11 183 1 185 2 188 2 231 1 249 3 236 1 272 2 273 1 319 1 252 5 275 1 
33 5 13 276 1 277 1 278 1 279 5 280 1 321 1 286 1 287 1 322 1 323 3 255 1 256 3 258 1 
//IdTournes NbColis
10 1
//IdColis IdCommandeInColis NbProducts IdProd1 QtyProd1 IdProd2 QtyProd2 ...
34 5 8 260 1 325 2 328 1 301 2 329 5 261 5 303 2 330 1 
//IdTournes NbColis
11 1
//IdColis IdCommandeInColis NbProducts IdProd1 QtyProd1 IdProd2 QtyProd2 ...
35 5 36 65 2 66 1 69 1 71 1 72 3 73 1 74 1 75 1 78 1 79 2 81 1 82 1 84 1 88 1 93 1 94 1 95 1 96 1 98 2 100 1 101 1 103 1 105 5 107 2 109 2 110 1 379 1 120 1 114 1 115 2 116 2 373 1 381 1 382 1 383 1 384 1 
//IdTournes NbColis
12 1
//IdColis IdCommandeInColis NbProducts IdProd1 QtyProd1 IdProd2 QtyProd2 ...
36 5 22 35 2 3 1 6 1 10 2 12 2 13 2 15 2 16 1 14 2 19 3 21 2 47 1 48 1 50 2 60 1 315 2 316 3 313 1 362 2 349 3 312 1 361 1 
//IdTournes NbColis
13 1
//IdColis IdCommandeInColis NbProducts IdProd1 QtyProd1 IdProd2 QtyProd2 ...
37 5 11 324 1 297 1 259 5 258 2 305 2 337 2 340 1 338 1 344 3 309 1 346 1 
//IdTournes NbColis
14 6
//IdColis IdCommandeInColis NbProducts IdProd1 QtyProd1 IdProd2 QtyProd2 ...
38 6 16 121 1 126 1 128 1 134 6 137 2 138 3 139 1 197 1 203 1 205 1 149 1 148 6 144 5 200 2 146 2 158 1 
39 6 14 155 2 158 3 206 1 208 1 160 1 163 1 168 1 213 1 172 1 241 1 175 3 177 4 219 1 35 2 
40 6 15 179 1 180 3 181 1 245 2 222 1 224 1 226 1 183 2 228 2 188 1 233 1 249 2 235 1 237 1 33 1 
41 6 11 271 1 274 2 251 1 252 5 279 5 289 1 290 1 256 2 257 2 239 1 389 1 
42 6 15 257 2 239 1 259 5 297 1 325 1 299 1 300 1 301 1 302 1 329 2 261 3 303 1 360 1 22 1 21 1 
43 6 19 303 2 360 1 304 1 305 1 309 1 344 2 308 1 307 2 306 1 338 1 310 1 311 1 312 1 349 2 313 1 317 1 388 1 21 1 20 2 
//IdTournes NbColis
15 1
//IdColis IdCommandeInColis NbProducts IdProd1 QtyProd1 IdProd2 QtyProd2 ...
44 6 28 39 2 45 1 50 1 51 1 60 1 65 1 70 1 74 1 85 1 83 1 390 1 89 1 92 1 391 1 100 1 392 1 105 4 106 1 393 1 394 2 395 1 383 1 6 2 367 1 10 1 12 1 13 2 14 2 
